ω 1

³⁴· 118. Do 1181381183 881. 188111 181811811888
1881881. 1838. 1

1181 Η8811881 1881 18 188881183181118118883 18
1811183 188 18183188188 successio 881. 8188..
188 18818188. 1811. 8.

1188 Wst 1811888818 18 8813811118 1881188888 188
9 Mei 1816 881. 's 11838, 8811. J· 8 11. 188 2
[88388181181818. 8.

118618. J. Lion‚ Wst 88181831881188818111881.
111838, H. 8. 81188. 1888. 8. · ÷

1187 ’1188118188 1818118111 18 818881818818818818-
818388 811 818111118188 388811818818, 3188818811 88
3188818811 1811888818 8188.. 8. M. 188 11811818 1
8188881111. s. ‘

11881. 11. 188 181 Palm, 11888118, 3818131 188 888
1118181 1188118181188, 1818118111 18 18188883188
881881181188188 1801 88 1883 88 188181881-
11831 188 188 18818. R. J. Sshimmelpsnninck.
Leydsn‚ D. du Μ8111818 Zn· 1881. 8.

1189 fl. Hemkes 118, Wet op 181 18381 8818111111 188
188 13 Augustus 1887 88118818818818388 881.
8188.,1. 0881188811. 1858. 8.

1180 J. 188188118881 118, 881811818811881831818188
181 118181881181818138118318118118111 18 881-
81388183188 8138888888 88118. 1881.. 8. 8. 881818
88 8811. 1118181118. 1811. 8·

1161 881811818818 88183188188
⁴cler Nsd· 1181381183 1818118111 18 magt der 18838

 

