183

49341. W. 11 eme. unimam m 1111111111111
1111111111. 91111111, 8111111111111131. 1888. 8.

4935 9181111111111111111111111111111111111111111111311,
11111111, 11111 11 1111111111 111 1111111111111.
111111,(ἓ.1.811111111111. 1818. 8. 1111111111111.

4931 1111111111111111111111111111111.,111-
111111 1111111111111111111111111111, 1118011111
1111. [11111111. 11111.,11.1111111811. 8.

4937 11. 1111111111. 8111111111, 01111111 1111
8111111111111. 1111111111, 11111111. 1836. 8.
1111 1111111111 11111111.

1988 F. Allan, 11111111111111111 11 11111 11111111.
Amat, wod. 81111111 ἃ 111 11111. 1817. 8.
11111 1111111111.

19391111111111111111, Gesch. 1111111111.1111111111111

8111111111111111.111111,Ι.11111111111111.18671
· 1111111111111. ,
1911) 1. G. 0111111, [111111111111111111111111111 111.

111111, W. Eekhoff. 1811. 8.
mwwmwfflmfflmmwffi&

...........A.. ,

1918 Brenthe in 11111111111111111111111111 31111111
111111111118111111. 1111111111111111811111.
11111Η11

1918 G. 111 Η111111, 111111111 111 11111111. 1111111, ¹
11.Τ1111111Ζ111.1790. 8. 1

1911 111111111111 1111 11111111 van 1111111 1111 Ι1111111
1111111111. 1111111111. 1780. 8. 1

 

