1711

1115151] 551 5151511551 515555 15551 1115 whole 51
1115 periodica! English press- 1816-17, 151. 1 15 2,
1817-18, 151. 11. 25151155, Α. E. C. van
85515155. 111151. 8.

521111115515551 1815--18 ’5 5155, 11151111. 1855,
1859,1860. 1111111551,11..1.Τ1115155. 11111115. 8.

52151151 [5551561551. 111111. Album. 1856-61 55 63.
Amat.. 1151115111511511. 111 11111. 8.

5216 0515111111,6551155111151155115551-55151151515555.
ι15511. 1, 11. 1155. ἅ 55151, 11.Ζ11551155151151.

’ 1555 5 1515. 1.

5217 1555515115555. 1787-1797. 111 1115. 1. 51. 551.

· 5218 1115 55115551 (15155151 551 555515 511115 1151151
815155. 11551155155, 11511555115155, 1515115155, 1
Thompson 5511111151. 1821-1836. 1111151. 8.
(Des. 15551 515).

52111 1551155115 over 1838 5115535155 op 1551 van Ζ. 11.
den unaing. 1551.1515,.1515 551515. 1.
’5 (1151555535 151 5155515555 1551511511515 1837,
18151818. 11515115. 8. ἦ

52211 115151155155115 1551155115-55511551551155155115 51515- ¹
1115155511 1551 1818-1851, 23’-36· 15515553.
’56151.,115111.11511515515. xlv 1115. 8.

5221 Stans-Almam 1551 1151 1155151151 15115151- 1
1551551862, 1863, 1865, 1865, 1868. ’5 11151..
11. 51555. 55.,1. 515555. 11 115. s, ἓ

1 5222 1551555115 1551 15 Provincia 0151555511551 1815, 1

 

