100

1711611. G. van der 111111, 1111111111111. 1111111111,
[11111111111111111111. 1856. 8.

1711711. Dijkstra, 1111111111 Η1ἰ111111110111 Rern 11 de
1111111111111. 1111111111, 1311111131. 1887. 8.

17118 111101111101111. 11111111111311-
leuga. 1857. 8.

17119 1110111111111111,81111111110111111111111111. Dockum,
180111111011. 1857. 8.

1710 T. 6. van 1111111111, Μ1111110111111111 1111 1111110.
11111111]11,Τ.1’111011. 1859. 8.

1711 111 8111011111111. 1111111111 1111111 11100111 11001 ’1
1111011 11110111 10 8111011110 1111111111. 1101111111,
11. 110011. 1819. 8.

1711 Η. 6. 1101011111, 0111111101. 1111 1101111111
1011 ’1 ,,10110011111111”. 1111111111, 11. 110011. 18111. 8.

1713 Fen 1856 0111 1859 0111 great 1ηο fier, ho is
’1 1110311111 11011111, 11. 110011. 8.

. 1711 11111111 11011111111011111111111111111111111. 11011111,

[11110011. 8.

17111 1101111111,11111111301111111116111111011. 11101111, .
111111111111111. 1866. 8.

1716 ------ 11111111111111111111111311. 1111111111, 1

·· 1211111111. 18611. 8.

17171111111 11111, 8111 Tlip, ketellapper. Liowerd,
U. 110011. 18611. 8.

1718 W. 1111111111, 11111111 mei ’1 01111. 1111011111, ἢ
T. 111111118611. 8. . .

1111*- lt 111111 fen Aagtsjo 1111111.

 

