188.

1898 Ph. 11661661, 06 6161 1111116 1111166 611 66 86611116.
1161116.. 1111616111. 1863. 8.

1899 1161111166 116 9161161166, 011 1111111116 116 66
1111116616 1666116611611116106111116111. 0616611
1610111698. 11611.

1000 Oostergoo, Der 1161116116 116 61
1111111111 [66611161116611 16 66 aohtkarspelen.
De 16611 1610 61 1698. 111016.

1901 66116166 116 66 Wouden, 0611116616116 66
1111111616 011616116611 66 0611611166. 01161111

’ 1610611698. 111 Dln.

1901 06611116 611 1116611616 61Ζ6166-161666. 1111616616
[1116616116111 116 6611116 161016 ¹728. 1.

1903 1361111161 611 11161116 16 Westergo. ·Grietenye
166611611116111 116 6611166 1610 66 1728. 1. 1

1901 1161111116 661 1166166616 61 Ρ16116116116 111111-

11661 116 66 116116 1610 66 1728. 116111.. 1
1

Τ. 116 011161. 1730. 1. 1

, 1
1906 Β6661161111·Βο11116 116 1111111166. 16661.. fl. T. Ν.

81116111. 1860. 11 Dln. (16111. 51111ιί11.

1906 81116116, 6166661661116 66116616 11611111111661.
Fran„ U Balk. 1668. 1.

1907 statuum, 616666161166, 113116161616161166116

116 1161116 1161111111166. 911661166111661666
16666611. 11161.. W. Coulon. 1770. 8.
1908 Simon 61661111, 711111111611 116 66 81116166,

01661616666,1161161116166 66 6611611166 116 11161116

 

